0b000001 0b000101 10000 100 201326592 5404010 50433478 50684072
0b000101 0b000201 10000 100 201326592 5404010 50433478 50684072
0b000201 0b000301 10000 100 201326592 5404010 50433478 50684072
0b000301 0b000001 10000 100 201326592 5404010 50433478 50684072
0b000501 0b000601 10000 100 201326592 5404010 50433478 50684072
0b000601 0b000701 10000 100 201326592 5404010 50433478 50684072
0b000701 0b000401 10000 100 201326592 5404010 50433478 50684072
0b000801 0b000901 10000 100 201326592 5404010 50433478 50684072
0b000901 0b000a01 10000 100 201326592 5404010 50433478 50684072
0b000a01 0b000b01 10000 100 201326592 5404010 50433478 50684072
0b000b01 0b000801 10000 100 201326592 5404010 50433478 50684072
0b000c01 0b000d01 10000 100 201326592 5404010 50433478 50684072
0b000d01 0b000e01 10000 100 201326592 5404010 50433478 50684072
0b000e01 0b000f01 10000 100 201326592 5404010 50433478 50684072
0b000f01 0b000c01 10000 100 201326592 5404010 50433478 50684072
0b000101 0b000201 10001 100 201326592 55837508 50433478 50684072
0b000201 0b000301 10001 100 201326592 55837508 50433478 50684072
0b000301 0b000001 10001 100 201326592 55837508 50433478 50684072
0b000001 0b000101 10001 100 201326592 55837508 50433478 50684072
0b000601 0b000701 10001 100 201326592 55837508 50433478 50684072
0b000701 0b000401 10001 100 201326592 55837508 50433478 50684072
0b000901 0b000a01 10001 100 201326592 55837508 50433478 50684072
0b000a01 0b000b01 10001 100 201326592 55837508 50433478 50684072
0b000b01 0b000801 10001 100 201326592 55837508 50433478 50684072
0b000801 0b000901 10001 100 201326592 55837508 50433478 50684072
0b000d01 0b000e01 10001 100 201326592 55837508 50433478 50684072
0b000e01 0b000f01 10001 100 201326592 55837508 50433478 50684072
0b000f01 0b000c01 10001 100 201326592 55837508 50433478 50684072
0b000c01 0b000d01 10001 100 201326592 55837508 50433478 50684072
0b000201 0b000301 10002 100 201326592 106271006 50433478 50684072
0b000301 0b000001 10002 100 201326592 106271006 50433478 50684072
0b000001 0b000101 10002 100 201326592 106271006 50433478 50684072
0b000101 0b000201 10002 100 201326592 106271006 50433478 50684072
0b000701 0b000401 10002 100 201326592 106271006 50433478 50684072
0b000a01 0b000b01 10002 100 201326592 106271006 50433478 50684072
0b000b01 0b000801 10002 100 201326592 106271006 50433478 50684072
0b000801 0b000901 10002 100 201326592 106271006 50433478 50684072
0b000901 0b000a01 10002 100 201326592 106271006 50433478 50684072
0b000e01 0b000f01 10002 100 201326592 106271006 50433478 50684072
0b000f01 0b000c01 10002 100 201326592 106271006 50433478 50684072
0b000c01 0b000d01 10002 100 201326592 106271006 50433478 50684072
0b000d01 0b000e01 10002 100 201326592 106271006 50433478 50684072
0b000301 0b000001 10003 100 201326592 156704504 50433478 50684072
0b000001 0b000101 10003 100 201326592 156704504 50433478 50684072
0b000101 0b000201 10003 100 201326592 156704504 50433478 50684072
0b000201 0b000301 10003 100 201326592 156704504 50433478 50684072
0b000b01 0b000801 10003 100 201326592 156704504 50433478 50684072
0b000801 0b000901 10003 100 201326592 156704504 50433478 50684072
0b000901 0b000a01 10003 100 201326592 156704504 50433478 50684072
0b000a01 0b000b01 10003 100 201326592 156704504 50433478 50684072
0b000f01 0b000c01 10003 100 201326592 156704504 50433478 50684072
0b000c01 0b000d01 10003 100 201326592 156704504 50433478 50684072
0b000d01 0b000e01 10003 100 201326592 156704504 50433478 50684072
0b000e01 0b000f01 10003 100 201326592 156704504 50433478 50684072
0b000401 0b000501 10000 100 201326592 5404010 3009514992 809445152
0b000501 0b000601 10001 100 201326592 3014919022 50433478 50684072
0b000601 0b000701 10002 100 201326592 3065352520 50433478 50684072
0b000401 0b000501 10001 100 201326592 55837508 3104393190 809445152
0b000701 0b000401 10003 100 201326592 3115786018 50433478 50684072
0b000401 0b000501 10002 100 201326592 106271006 3103267932 809445152
0b000501 0b000601 10002 100 201326592 3160230718 51433514 50684072
0b000401 0b000501 10003 100 201326592 156704504 3070141522 809445152
0b000501 0b000601 10003 100 201326592 3209538958 51458704 50684072
0b000601 0b000701 10003 100 201326592 3211664252 50433478 50684072
